[word/document.xml]


22475703684675217161037177952045335362966020477703853875348488029648153323610294271548573030856356824610106171551862501314435118953015408751214370190123523382901323795

214290425275567481455361940451485027138085814810299532889057702838368


Instead we can Write Like this
Who We Are
Insight. Integrity. Impact.
Axiom Rise is a Singapore-based employment agency and management consultancy dedicated to connecting businesses with the right people and practical business solutions.
We support organizations across different industries with recruitment, staffing, payroll administration, executive search, and business support services. Our approach combines industry knowledge, market insight, technology, and a strong commitment to delivering reliable results.
We believe successful businesses are built on the right people, effective processes, and trusted partnerships.

 “End-to-end company incorporation, secretarial, and compliance support — from strategy to statutory administration.”
could create a problem later because it specifically promises company incorporation and secretarial services. If Axiom Rise does not currently provide these services, it is better not to state them as existing services.

Instead
Management Consultancy
Practical business solutions to help organizations manage their corporate, administrative, and operational needs effectively.
Our management consultancy services include:
Business advisory and consulting
Corporate and business administration
HR and workforce advisory
Compliance and regulatory support
Process and operational improvement
Business setup and expansion support
We work with businesses to simplify processes, improve efficiency, and support their growth through practical and reliable solutions.

Instead
Payroll Administration
Reliable payroll and HR administration to help businesses manage their workforce efficiently.
Our services include monthly payroll processing, CPF contribution administration, statutory requirements, employee records, and related payroll support — helping you maintain accurate and timely payroll operations.

 

Instead
Permanent Recruitment
We help businesses identify and hire the right professionals for permanent positions across a wide range of industries and functions.
From specialist professionals to mid- and senior-level talent, our recruitment team combines targeted sourcing, industry networks, candidate assessment, and market knowledge to deliver suitable candidates for your business needs.



Instead
Temporary Staffing
Flexible staffing solutions for businesses that need additional workforce support.
Whether you require staff for seasonal demand, short-term projects, peak periods, or temporary vacancies, we help you access suitable talent quickly and efficiently while giving you the flexibility to scale your workforce as needed.


Instead
Contract Staffing
Flexible contract staffing solutions for businesses requiring skilled professionals for specific projects or longer-term assignments.
We help organizations access specialized talent while providing greater flexibility in workforce planning, allowing you to scale your team according to business requirements.


Instead
Executive Search
Confidential executive search solutions for organizations seeking senior and leadership talent.
We identify and engage high-calibre professionals for critical leadership positions through targeted sourcing, industry networks, market intelligence, and a discreet search process.



Instead
Customer Service & Contact Centre Staffing
Flexible staffing solutions for customer service and contact centre operations.
We help businesses build reliable customer-facing teams for customer support, call centre operations, service desks, and other customer experience functions.


Add below Turning Partnerships into Possibilities the below two lines.
Why Partner with Axiom Rise
Turning Partnerships into Possibilities
We work as an extension of your team — taking the time to understand your business, your culture, and your hiring requirements so we can deliver practical and effective talent solutions.


1643490928140229410756780


Instead
We combine technology, targeted sourcing, professional networks, referrals, and market knowledge to identify and engage suitable candidates for our clients.
Our approach is designed to reach both active job seekers and qualified professionals who may not be actively looking for a new opportunity.



This 40% indicates we have proofs. I feel to change as below to feel better.
“AI-Powered Candidate Matching
We use technology-enabled candidate matching to identify relevant talent efficiently and reduce time-to-hire.”



Add the lines below
Tell us about your hiring or business requirements. Our team will work with you to understand your needs and recommend the right solution.


16605256470651553850772130828450924410

Page 2 under Management Consultancy



Instead
CORPORATE SERVICES
Boutique Corporate Services & Business Solutions
Practical corporate and business support designed to help you establish, manage, and grow your business in Singapore.
Talk to Our Consultants
18810895230
A streamlined approach to corporate services, designed around your business needs and convenience.


61404568040225571701051958652410828398
Instead
OUR SERVICES
Complete Corporate & Business Solutions
Practical solutions to help you establish, manage, and grow your business — all under one roof.



Business Advisory
Practical guidance on market entry, regulatory requirements, business structures, and operational planning to support your business objectives.



Work Pass & Employment Pass Services
Support with Employment Pass, S Pass, and Work Permit applications and renewals, including document preparation, submission support, and follow-up.








Page 3
436626023402927045331986598
Instead
Payroll Administration
Accurate and timely payroll processing, helping you pay your employees correctly and on time.
4699635180340417639519558039357302743203933190180340003728720182245274761035217796647045904150
Instead
Integrity, professionalism, responsiveness, and a strong focus on results guide every engagement.
[word/endnotes.xml]




[word/footnotes.xml]




[word/ink/ink1.xml]

1 70 24575,'0'206'0,"0"-425"0,0 216 0,0 0 0,0 1 0,0-1 0,0 0 0,1 1 0,-1-1 0,1 0 0,0 1 0,0-1 0,0 1 0,0-1 0,0 1 0,3-5 0,-2 6 0,0-1 0,-1 1 0,1-1 0,0 1 0,0 0 0,-1 0 0,1 0 0,0 0 0,0 0 0,1 0 0,-1 1 0,0-1 0,0 0 0,0 1 0,0 0 0,0 0 0,4-1 0,3 1 0,-1 0 0,1 1 0,0-1 0,-1 1 0,1 1 0,-1 0 0,16 5 0,-21-5 0,1-1 0,-1 1 0,0-1 0,0 1 0,-1 0 0,1 0 0,0 0 0,-1 0 0,1 1 0,-1-1 0,1 1 0,-1-1 0,0 1 0,0 0 0,0 0 0,-1 0 0,1 0 0,-1 0 0,0 0 0,0 1 0,0-1 0,1 4 0,1 21 0,-2 0 0,-3 41 0,0-24 0,2-51 0,0-13 0,1 0 0,4-27 0,-4 39 0,0 1 0,1 0 0,0 0 0,1 1 0,-1-1 0,1 0 0,0 1 0,0 0 0,0-1 0,1 1 0,7-8 0,-5 8 0,-1-1 0,0 1 0,0 0 0,1 0 0,0 1 0,12-8 0,-17 11 0,1 1 0,0-1 0,0 0 0,0 1 0,0-1 0,0 1 0,0 0 0,0 0 0,0-1 0,0 1 0,1 1 0,-1-1 0,0 0 0,0 0 0,0 1 0,0-1 0,0 1 0,0 0 0,-1-1 0,1 1 0,0 0 0,0 0 0,0 0 0,-1 1 0,1-1 0,1 2 0,3 1 9,-1 2-1,0-1 1,0 1-1,-1-1 1,0 1 0,0 0-1,0 1 1,0-1-1,-1 1 1,0 0-1,-1-1 1,0 1-1,2 10 1,0 2-380,-1 1-1,-1 0 1,-1 32 0,-2-38-6455
[word/ink/ink2.xml]

0 44 24575,'8'10'0,"0"-1"0,11 20 0,-13-20 0,0 0 0,-1 0 0,0 0 0,0 1 0,-1-1 0,0 1 0,-1 0 0,0 0 0,3 18 0,3 13 0,-7-97 0,-2 38-109,2-64 352,-1 69-543,0 0 0,1 1 0,1-1 1,6-16-1,-5 20-6526
[word/ink/ink3.xml]

33 355 24575,'3'-1'0,"0"1"0,0-1 0,0 1 0,-1-1 0,1 0 0,0 0 0,0 0 0,0 0 0,-1-1 0,1 1 0,-1-1 0,1 1 0,-1-1 0,1 0 0,-1 0 0,0 0 0,0 0 0,0-1 0,0 1 0,-1-1 0,1 1 0,2-5 0,-1 0 0,1 0 0,-1-1 0,0 1 0,-1-1 0,0 0 0,0 0 0,1-10 0,-1-13 0,-3-42 0,-1 21 0,2 44 0,-1 1 0,1-1 0,-1 0 0,-1 1 0,0-1 0,0 1 0,0 0 0,-1 0 0,-5-11 0,8 18 0,0 0 0,-1 0 0,1 0 0,0-1 0,0 1 0,0 0 0,0 0 0,0 0 0,0 0 0,-1 0 0,1-1 0,0 1 0,0 0 0,0 0 0,0 0 0,-1 0 0,1 0 0,0 0 0,0 0 0,0 0 0,0 0 0,-1 0 0,1 0 0,0 0 0,0 0 0,0 0 0,-1 0 0,1 0 0,0 0 0,0 0 0,0 0 0,-1 0 0,1 0 0,0 0 0,0 0 0,0 0 0,-1 0 0,-5 8 0,-3 11 0,6-4 0,-1 0 0,2 1 0,0-1 0,1 1 0,0-1 0,3 21 0,-2-7 0,1 319 0,1-323 0,0-1 0,12 45 0,-7-37 0,20 74 0,-26-100 0,2-1 0,-1 1 0,1-1 0,-1 0 0,5 5 0,-6-9 0,0 0 0,-1 1 0,1-1 0,0 0 0,1 0 0,-1 0 0,0 0 0,0-1 0,0 1 0,1 0 0,1 1 0,-3-2 0,1 0 0,-1 0 0,1 0 0,0 0 0,-1 0 0,1 0 0,-1 0 0,1 0 0,0 0 0,-1 0 0,1 0 0,-1 0 0,1-1 0,0 1 0,-1 0 0,1 0 0,-1 0 0,1-1 0,-1 1 0,1 0 0,-1-1 0,1 1 0,-1-1 0,1 1 0,-1 0 0,0-1 0,1 0 0,4-5 0,-1-1 0,0 1 0,0-1 0,-1 1 0,0-1 0,4-12 0,-3 5 0,0-1 0,2-20 0,-4 19 0,0-1 0,-1 1 0,-1-1 0,0 1 0,-6-30 0,5 42 0,0 1 0,-1-1 0,1 0 0,-1 1 0,0-1 0,0 1 0,0 0 0,0 0 0,-1 0 0,0 0 0,1 0 0,-1 0 0,0 1 0,0-1 0,0 1 0,-1 0 0,1 0 0,0 0 0,-1 0 0,0 1 0,1-1 0,-1 1 0,0 0 0,-6-1 0,-8-1 0,0 1 0,0 0 0,0 2 0,-19 1 0,19 0 0,26-3 0,1-1 0,0 0 0,-1 0 0,0-1 0,14-7 0,-1 0 0,84-40 0,-100 48 0,0 0 0,0 0 0,0 0 0,0-1 0,-1 1 0,0-1 0,1 0 0,-1-1 0,-1 1 0,1-1 0,-1 0 0,1 1 0,-1-2 0,3-7 0,-6 13 0,1-1 0,-1 0 0,0 0 0,1 0 0,-1 1 0,0-1 0,1 0 0,-1 1 0,1-1 0,0 0 0,-1 1 0,1-1 0,1-1 0,-2 2 0,0 0 0,0 0 0,1 1 0,-1-1 0,0 0 0,0 0 0,0 0 0,1 0 0,-1 0 0,0 0 0,0 0 0,0 0 0,1 0 0,-1 1 0,0-1 0,0 0 0,0 0 0,0 0 0,0 0 0,1 0 0,-1 1 0,0-1 0,0 0 0,0 0 0,0 0 0,0 1 0,0-1 0,0 0 0,0 0 0,0 0 0,0 1 0,0-1 0,0 0 0,4 27 0,-4-22 0,4 21 0,1 0 0,11 37 0,-13-51 0,0 1-1365,-3-3-5461271 236 24575
[word/ink/ink4.xml]

0 262 24575,'1'-7'0,"0"1"0,0 0 0,1 0 0,-1 0 0,4-8 0,1-4 0,4-11 0,18-37 0,-3 8 0,-21 45 0,3-7 0,-7 19 0,0 0 0,1 0 0,-1 0 0,1 1 0,-1-1 0,1 0 0,-1 0 0,1 1 0,0-1 0,-1 0 0,1 1 0,0-1 0,-1 0 0,1 1 0,0-1 0,0 1 0,1-1 0,-2 1 0,1 0 0,0 0 0,-1 0 0,1 0 0,-1 0 0,1 0 0,-1 0 0,1 1 0,-1-1 0,1 0 0,-1 0 0,1 0 0,-1 1 0,0-1 0,1 0 0,-1 1 0,1-1 0,-1 0 0,1 1 0,-1-1 0,0 0 0,1 1 0,-1-1 0,0 1 0,0-1 0,1 1 0,-1-1 0,0 0 0,0 1 0,1-1 0,-1 1 0,0-1 0,0 1 0,0 0 0,0-1 0,0 1 0,3 23 0,-2-23 0,0 156 76,-3-78-1517,2-66-5385
[word/ink/ink5.xml]

189 798 24575,'0'-331'0,"0"324"0,0 1 0,0-1 0,-1 1 0,0-1 0,0 1 0,-1-1 0,1 1 0,-1 0 0,-1 0 0,1 0 0,-1 0 0,0 0 0,-4-6 0,5 11 0,1 0 0,-1-1 0,1 1 0,-1 0 0,1 0 0,-1 0 0,0 0 0,1 0 0,-1 0 0,0 1 0,0-1 0,0 1 0,0-1 0,0 1 0,1 0 0,-1-1 0,0 1 0,0 0 0,0 0 0,0 0 0,0 1 0,0-1 0,0 0 0,0 1 0,0 0 0,1-1 0,-3 2 0,-1 0 0,1 0 0,-1 0 0,1 0 0,0 1 0,0 0 0,0-1 0,0 2 0,1-1 0,-6 6 0,3-1 0,0 1 0,1-1 0,-5 13 0,-12 18 0,20-36 0,0 1 0,0-1 0,0 1 0,0-1 0,1 1 0,0 0 0,-1 0 0,0 4 0,2-7 0,0-1 0,0 1 0,0 0 0,0 0 0,0-1 0,0 1 0,0 0 0,0 0 0,1-1 0,-1 1 0,0 0 0,0-1 0,0 1 0,1 0 0,-1-1 0,0 1 0,1 0 0,-1-1 0,2 2 0,-2-1 0,1-1 0,0 1 0,0-1 0,0 0 0,0 1 0,0-1 0,0 0 0,0 1 0,0-1 0,0 0 0,0 0 0,0 0 0,0 0 0,0 0 0,0 0 0,1 0 0,-1 0 0,1-1 0,11-2 0,1 0 0,-1-2 0,-1 1 0,1-2 0,-1 0 0,13-7 0,-13 6 0,0 0 0,0 1 0,1 1 0,0 0 0,23-5 0,-29 8 0,0 0 0,0 0 0,0 0 0,0-1 0,8-5 0,21-8 0,-35 16 0,36-10 0,-34 9 0,0 0 0,0 1 0,0 0 0,0-1 0,1 1 0,-1 0 0,0 0 0,0 1 0,5 0 0,-6 0 0,0 0 0,-1 1 0,1-1 0,0 0 0,-1 1 0,1-1 0,-1 1 0,0 0 0,1-1 0,-1 1 0,0 0 0,0 0 0,0 0 0,0 0 0,0-1 0,-1 1 0,1 1 0,0-1 0,0 3 0,1 6 0,-1 0 0,1 15 0,-2-25 0,0 122 0,-1-48 0,1-67 0,1-1 0,1 0 0,-1 1 0,1-1 0,0 0 0,1 0 0,5 10 0,-4-8 0,0 1 0,-1-1 0,4 16 0,-5-13 0,-2-6 0,2 1 0,-1-1 0,3 9 0,-4-15 0,0 0 0,0 0 0,0 0 0,0 1 0,0-1 0,1 0 0,-1 0 0,0 0 0,0 0 0,0 0 0,0 1 0,0-1 0,0 0 0,0 0 0,1 0 0,-1 0 0,0 0 0,0 0 0,0 0 0,0 0 0,0 1 0,1-1 0,-1 0 0,0 0 0,0 0 0,0 0 0,0 0 0,1 0 0,-1 0 0,0 0 0,0 0 0,0 0 0,0 0 0,1 0 0,-1 0 0,0 0 0,0 0 0,0 0 0,0 0 0,1-1 0,6-6 0,5-11 0,-1-10 0,0-1 0,12-57 0,-15 51 0,22-59 0,5 4 0,-17 36 0,-18 54 0,0 0 0,0 1 0,0-1 0,0 0 0,0 0 0,0 0 0,0 0 0,0 0 0,0 0 0,0 0 0,0 0 0,0 0 0,0 0 0,0 0 0,0 0 0,0 0 0,0 0 0,0 0 0,0 0 0,0 0 0,0 0 0,0 1 0,0-1 0,1 0 0,-1 0 0,0 0 0,0 0 0,0 0 0,0 0 0,0 0 0,0 0 0,0 0 0,0 0 0,0 0 0,0 0 0,0 0 0,0 0 0,0 0 0,0 0 0,0 0 0,0 0 0,0 0 0,0 0 0,1 0 0,-1 0 0,0 0 0,0 0 0,0 0 0,0 0 0,0 0 0,0 0 0,0 0 0,0 0 0,0 0 0,0 0 0,0 0 0,0 0 0,0 0 0,0-1 0,2 11 0,-1 12 0,-1-2 0,0 1 0,-2-1 0,0 0 0,-2 0 0,0 0 0,-11 30 0,9-35 0,1 1 0,0-1 0,1 1 0,-4 27 0,7-38 0,1 1 0,0-1 0,0 0 0,0 1 0,1-1 0,0 0 0,0 0 0,0 0 0,1 1 0,-1-1 0,1-1 0,0 1 0,1 0 0,-1 0 0,1-1 0,0 1 0,0-1 0,4 5 0,14 14 0,-15-15 0,0-1 0,0 0 0,1 0 0,8 6 0,-13-12 0,-1 0 0,1 0 0,0 0 0,-1 0 0,1 0 0,0-1 0,0 1 0,0 0 0,0-1 0,0 0 0,0 1 0,0-1 0,0 0 0,0 0 0,0 0 0,0 0 0,0 0 0,0-1 0,0 1 0,-1-1 0,1 1 0,0-1 0,0 1 0,0-1 0,0 0 0,-1 0 0,1 0 0,0 0 0,-1 0 0,1-1 0,-1 1 0,1 0 0,-1-1 0,1 1 0,1-4 0,1 0 0,-1 0 0,1 0 0,-1 0 0,-1-1 0,1 1 0,-1-1 0,1 1 0,-2-1 0,1 0 0,1-10 0,-1-19 0,-4-38 0,0 12 0,2 50 0,-1 1 0,0-1 0,-1 1 0,0 0 0,-1 0 0,0 0 0,-8-18 0,-1 6 0,0-1 0,-17-21 0,26 40 0,0 1 0,0-1 0,-1 1 0,1-1 0,-1 1 0,1 0 0,-1 1 0,0-1 0,0 0 0,-7-2 0,8 4 0,0-1 0,-1 1 0,1 0 0,0 1 0,-1-1 0,1 0 0,-1 1 0,1 0 0,-1 0 0,1 0 0,0 0 0,-1 1 0,1-1 0,-1 1 0,-4 1 0,7-1 0,0-1 0,0 0 0,0 1 0,0-1 0,0 1 0,0 0 0,0-1 0,1 1 0,-1 0 0,0-1 0,0 1 0,0 0 0,1 0 0,-1 0 0,0 0 0,1 0 0,-1 0 0,1 0 0,-1 0 0,1 0 0,0 0 0,-1 0 0,1 0 0,0 0 0,0 0 0,-1 0 0,1 0 0,0 0 0,0 0 0,0 1 0,1-1 0,-1 0 0,0 0 0,0 0 0,0 0 0,1 0 0,-1 0 0,1 0 0,-1 0 0,1 0 0,-1 0 0,1 0 0,-1 0 0,1 0 0,0 0 0,0-1 0,-1 1 0,1 0 0,0 0 0,0-1 0,0 1 0,0-1 0,0 1 0,2 0 0,9 2 0,0 0 0,0-2 0,1 1 0,-1-2 0,1 0 0,23-2 0,1 0 0,23 2 0,38-1 0,-79-4 0,-17 4 0,1 0 0,-1 1 0,0-1 0,0 0 0,1 1 0,-1 0 0,0-1 0,5 1 0,-6 0 0,-1 1 0,1-1 0,-1 0 0,0 1 0,1-1 0,-1 0 0,1 1 0,-1-1 0,0 1 0,1-1 0,-1 1 0,0-1 0,1 1 0,-1-1 0,0 1 0,0-1 0,0 1 0,1-1 0,-1 1 0,0-1 0,0 1 0,0-1 0,0 2 0,1 15 0,-1-14 0,-2 105 0,2 42 0,1-146 0,0 1 0,1 0 0,0-1 0,0 0 0,0 1 0,0-1 0,1 0 0,0 0 0,-1 0 0,7 6 0,0 1 0,-8-10 0,-1 0 0,1 0 0,0 0 0,0 0 0,0-1 0,-1 1 0,1 0 0,0-1 0,0 1 0,0 0 0,0-1 0,0 1 0,0-1 0,1 1 0,-1-1 0,0 0 0,0 1 0,0-1 0,0 0 0,0 0 0,1 0 0,-1 0 0,0 0 0,0 0 0,0 0 0,0 0 0,0 0 0,1-1 0,-1 1 0,0 0 0,0-1 0,0 1 0,0-1 0,0 1 0,0-1 0,0 0 0,0 1 0,0-1 0,0 0 0,0 0 0,1-1 0,1-1 0,0-1 0,1 1 0,-1-1 0,-1 0 0,1 0 0,-1 0 0,1 0 0,-1-1 0,2-5 0,0-9 0,-1-1 0,0 1 0,-2-1 0,0 0 0,-4-37 0,1 1 0,2 55 0,0 1 0,0-1 0,0 0 0,0 1 0,0-1 0,0 0 0,0 1 0,0-1 0,1 0 0,-1 1 0,0-1 0,0 0 0,0 1 0,1-1 0,-1 1 0,0-1 0,1 0 0,-1 1 0,1 0 0,-1 0 0,0 0 0,0 0 0,1 0 0,-1 0 0,0 0 0,0 0 0,1 0 0,-1 1 0,0-1 0,0 0 0,1 0 0,-1 0 0,0 0 0,0 0 0,0 1 0,1-1 0,-1 0 0,0 0 0,0 0 0,0 1 0,0-1 0,1 0 0,-1 0 0,0 1 0,12 22 0,-8-10 0,0 0 0,-1 0 0,0 1 0,-2-1 0,1 24 0,4 23 0,-4-51 0,1 0 0,0 0 0,0-1 0,1 1 0,0-1 0,0 1 0,1-1 0,6 7 0,-10-14 0,-1 0 0,1 0 0,0 0 0,0 0 0,0 0 0,0 0 0,0 0 0,0-1 0,0 1 0,0 0 0,0-1 0,0 1 0,1 0 0,-1-1 0,0 0 0,0 1 0,0-1 0,1 0 0,-1 1 0,0-1 0,1 0 0,-1 0 0,0 0 0,0 0 0,1 0 0,-1-1 0,0 1 0,1 0 0,-1 0 0,0-1 0,0 1 0,0-1 0,1 1 0,-1-1 0,0 0 0,0 1 0,0-1 0,1-1 0,2-1 0,0 0 0,-1 0 0,0-1 0,1 1 0,-1-1 0,0 1 0,-1-1 0,1 0 0,3-7 0,1-4 0,-1-1 0,-1 0 0,0-1 0,-1 1 0,0-1 0,-1 0 0,-1 0 0,-1-21 0,0-33 0,-3-56 0,1 123 0,0 0 0,1 0 0,-1 1 0,0-1 0,-1 0 0,1 1 0,-4-6 0,5 8 0,0 1 0,-1-1 0,1 0 0,0 0 0,-1 1 0,1-1 0,-1 0 0,1 1 0,-1-1 0,0 0 0,1 1 0,-1-1 0,0 1 0,1-1 0,-1 1 0,0-1 0,1 1 0,-1 0 0,0-1 0,0 1 0,0 0 0,1 0 0,-1-1 0,0 1 0,0 0 0,0 0 0,0 0 0,1 0 0,-1 0 0,0 0 0,0 0 0,0 0 0,0 1 0,1-1 0,-1 0 0,0 0 0,0 1 0,0-1 0,0 1 0,-1 0 0,1 0 0,0 0 0,0 0 0,0 0 0,0 1 0,1-1 0,-1 0 0,0 0 0,0 1 0,1-1 0,-1 0 0,1 1 0,-1-1 0,1 1 0,-1-1 0,1 4 0,-2 26 0,2-24 0,0-2 0,0 9 0,3 25 0,-2-34 0,-1-1 0,2 0 0,-1 0 0,0 1 0,1-1 0,0 0 0,0-1 0,0 1 0,0 0 0,3 3 0,-4-6 0,-1 0 0,1 0 0,0 0 0,0 0 0,-1-1 0,1 1 0,0 0 0,0-1 0,0 1 0,0-1 0,0 1 0,0-1 0,0 1 0,0-1 0,0 0 0,0 1 0,0-1 0,0 0 0,0 0 0,0 0 0,2 0 0,-1 0 0,0-1 0,-1 1 0,1-1 0,0 1 0,0-1 0,-1 0 0,1 0 0,-1 1 0,1-1 0,-1 0 0,1-1 0,0 0 0,3-2 0,-2 0 0,1 0 0,-1-1 0,1 1 0,-1-1 0,0 0 0,3-8 0,6-21 0,-9 23 0,0 0 0,1 1 0,1 0 0,10-19 0,-8 17 0,0 0 0,9-25 0,-1 2 0,-11 22 0,0 1 0,0-1 0,-1 0 0,-1 0 0,0 0 0,-1-22 0,3-10 0,1-83 0,-3 118 0,1 22 0,4 67 0,-5 132 0,-3-112 0,1-82 0,-1 21 0,2 1 0,1-1 0,14 70 0,-11-88 0,-2-7 0,0 0 0,1 0 0,1 0 0,0 0 0,10 19 0,-10-23 0,-1 0 0,0-1 0,0 2 0,-1-1 0,2 13 0,-2-10 0,9 23 0,-12-34 0,0-1 0,0 0 0,0 0 0,0 1 0,0-1 0,0 0 0,0 0 0,0 1 0,0-1 0,1 0 0,-1 0 0,0 1 0,0-1 0,0 0 0,0 0 0,0 0 0,1 1 0,-1-1 0,0 0 0,0 0 0,0 0 0,1 0 0,-1 0 0,0 1 0,0-1 0,1 0 0,-1 0 0,0 0 0,0 0 0,1 0 0,1-7 0,0-18 0,-2 23 0,0-520 0,-1 223 0,1 299 0,0 0 0,0-1 0,0 1 0,0 0 0,0 0 0,0 0 0,-1-1 0,1 1 0,0 0 0,0 0 0,0 0 0,0-1 0,0 1 0,0 0 0,-1 0 0,1 0 0,0 0 0,0-1 0,0 1 0,0 0 0,-1 0 0,1 0 0,0 0 0,0 0 0,0 0 0,-1 0 0,1 0 0,0 0 0,0-1 0,-1 1 0,1 0 0,0 0 0,0 0 0,0 0 0,-1 0 0,1 0 0,0 0 0,0 0 0,-1 1 0,1-1 0,0 0 0,0 0 0,0 0 0,-1 0 0,1 0 0,0 0 0,0 0 0,0 0 0,-1 1 0,1-1 0,0 0 0,0 0 0,0 0 0,0 1 0,-12 7 0,11-5 0,0 0 0,1 0 0,-1 0 0,1 0 0,-1 0 0,1 1 0,0-1 0,0 0 0,0 0 0,1 0 0,-1 0 0,1 0 0,0 4 0,1 6 0,3 50 0,-5 64 0,2 31 0,11-68 0,-11-70 0,1 0 0,7 25 0,1 7 0,-10-47 0,1 0 0,-1 0 0,1-1 0,0 1 0,1-1 0,-1 1 0,4 3 0,-3-4 0,-1 0 0,0-1 0,0 1 0,0 0 0,0 0 0,0 0 0,-1 0 0,2 9 0,-3-13 0,0 1 0,0-1 0,0 0 0,0 1 0,0-1 0,0 1 0,0-1 0,0 0 0,0 1 0,0-1 0,0 1 0,0-1 0,0 0 0,0 1 0,0-1 0,0 0 0,-1 1 0,1-1 0,0 0 0,0 1 0,0-1 0,-1 0 0,1 1 0,-8-3 0,-7-13 0,12 9 0,0-1 0,0 0 0,0 0 0,1 0 0,0 0 0,-1-8 0,-4-46 0,6 34 0,1 0 0,1-1 0,1 1 0,7-30 0,-8 53 0,0 1 0,1-1 0,-1 0 0,1 1 0,0-1 0,0 1 0,0-1 0,0 1 0,1 0 0,-1 0 0,1 0 0,0 0 0,0 0 0,0 1 0,0-1 0,1 1 0,-1 0 0,1 0 0,-1 0 0,1 0 0,0 1 0,-1 0 0,1-1 0,0 1 0,0 1 0,0-1 0,0 1 0,0-1 0,0 1 0,0 0 0,0 0 0,0 1 0,0-1 0,0 1 0,0 0 0,0 0 0,7 3 0,-7-2 0,-1 0 0,1 0 0,0 1 0,0-1 0,-1 1 0,0 0 0,1 0 0,-1 0 0,0 0 0,-1 1 0,6 6 0,-2 2 0,0 0 0,6 19 0,5 9 0,-6-16 0,0 1 0,-2 0 0,8 31 0,-11-33 0,-1 1 0,-1-1 0,1 42 0,-5-45 0,-1 29 0,-1-44-13651352 256 24575,'6'-3'0,"1"0"0,-1 0 0,9-6 0,-10 6 0,-1 0 0,1 0 0,0 1 0,0 0 0,0 0 0,0 0 0,7-2 0,13 2 0,1 0 0,47 4 0,-17-1 0,23 0 0,-70 1-1365
[word/ink/ink6.xml]

319 15 24575,'0'-1'0,"0"1"0,0-1 0,0 1 0,-1-1 0,1 1 0,0-1 0,0 1 0,-1-1 0,1 1 0,0 0 0,-1-1 0,1 1 0,0-1 0,-1 1 0,1 0 0,0 0 0,-1-1 0,1 1 0,-1 0 0,1-1 0,-1 1 0,1 0 0,-1 0 0,1 0 0,-1 0 0,1 0 0,-1-1 0,0 1 0,-16-2 0,14 2 0,-15-2 0,-1 1 0,0 1 0,0 1 0,1 0 0,-28 7 0,39-7 0,1 1 0,0 0 0,-1 1 0,1-1 0,0 1 0,0 0 0,1 1 0,-1-1 0,0 1 0,1 0 0,0 1 0,0-1 0,1 1 0,-1 0 0,1 0 0,0 0 0,0 1 0,-6 11 0,5-4 0,0 0 0,1 0 0,0 0 0,1 1 0,0-1 0,1 1 0,1 0 0,0 16 0,-6 56 0,1-8 0,6-40 0,1 103 0,0-132 0,0 0 0,0-1 0,1 1 0,6 16 0,-6-21 0,-1 0 0,1 0 0,0-1 0,0 1 0,1-1 0,-1 1 0,1-1 0,-1 0 0,1 0 0,0 0 0,0-1 0,1 1 0,3 2 0,18 11 0,-16-10 0,0 0 0,19 8 0,-24-12 0,0-1 0,0 0 0,1 0 0,-1 0 0,0-1 0,1 1 0,-1-1 0,1 0 0,-1 0 0,8-1 0,4-3 0,0-1 0,0 0 0,27-14 0,-28 12 0,-11 6 0,-1-1 0,1 0 0,-1 0 0,1-1 0,-1 1 0,0 0 0,1-1 0,-1 0 0,-1 0 0,1 0 0,0 0 0,-1-1 0,1 1 0,-1 0 0,0-1 0,0 0 0,1-4 0,0 0 0,-1-1 0,-1 0 0,1 1 0,-1-1 0,-1 0 0,0-17 0,0 11 0,0 9 0,0 0 0,0-1 0,-1 1 0,-1-9 0,1 14 0,1-1 0,-1 1 0,1 0 0,-1-1 0,1 1 0,-1 0 0,0 0 0,1 0 0,-1 0 0,0-1 0,0 1 0,0 0 0,0 0 0,0 1 0,0-1 0,0 0 0,0 0 0,0 0 0,0 1 0,-1-1 0,1 0 0,0 1 0,-1-1 0,1 1 0,-2-1 0,-13 0 0,-1-1 0,1 2 0,-28 2 0,-2 1 0,33-3 0,9 1 0,1-1 0,-1 1 0,0-1 0,1-1 0,-1 1 0,0 0 0,1-1 0,-1 0 0,-4-1 0,7 2 0,1 0 0,0 0 0,0-1 0,0 1 0,-1 0 0,1 0 0,0 0 0,0 0 0,0-1 0,0 1 0,0 0 0,0 0 0,-1 0 0,1-1 0,0 1 0,0 0 0,0 0 0,0 0 0,0-1 0,0 1 0,0 0 0,0 0 0,0 0 0,0-1 0,0 1 0,0 0 0,0 0 0,0-1 0,0 1 0,0 0 0,0 0 0,0 0 0,1-1 0,-1 1 0,0 0 0,0 0 0,0 0 0,0-1 0,0 1 0,0 0 0,1 0 0,-1 0 0,0 0 0,0-1 0,0 1 0,0 0 0,1 0 0,-1 0 0,0 0 0,0 0 0,0 0 0,1 0 0,-1 0 0,0 0 0,0 0 0,1-1 0,-1 1 0,15-6 0,13-1 0,1 2 0,1 0 0,-1 2 0,0 1 0,34 3 0,-54-2 0,9 0 0,-18 1 0,1 0 0,0 0 0,-1 0 0,1 0 0,0 0 0,-1 0 0,1 0 0,0 0 0,-1 1 0,1-1 0,0 0 0,-1 0 0,1 1 0,-1-1 0,1 0 0,-1 1 0,1-1 0,-1 1 0,1-1 0,0 1 0,2 7 0,-1-1 0,0 1 0,-1 0 0,1 0 0,-1 0 0,-1 0 0,0 0 0,0 8 0,0-1 0,-3 87 0,3 41 0,2-126-341,1 0 0,0 0-1,7 17 1,-7-23-6485
[word/ink/ink7.xml]

0 94 24575,'1628'0'0,"-1176"-26"0,-82 1 0,-201 21 0,140-5 0,379-7 0,-355 10 0,-49-1 0,840 6 0,-542 2 0,-529 2 0,83 14 0,8 1 0,-6-15 0,-77-3 0,91 12 0,-119-8 0,-1 2 0,43 15 0,-19-5 0,0-2 0,0-3 0,62 5 0,-38-10 0,87-6 0,-70-1 0,-63 1 0,60 8 0,-49-3-1365,-32-5-5461
[word/ink/ink8.xml]

0 1 24575
[word/ink/ink9.xml]

0 0 24575
[word/ink/ink10.xml]

373 257 24575,'0'-1'0,"-1"0"0,1-1 0,-1 1 0,0-1 0,0 1 0,0 0 0,0 0 0,0 0 0,0-1 0,0 1 0,0 0 0,0 0 0,-1 1 0,1-1 0,-2-1 0,-3-3 0,3 3 0,-6-7 0,-1 1 0,-16-11 0,22 16 0,-1 1 0,0-1 0,0 1 0,0 0 0,0 1 0,0-1 0,0 1 0,0 0 0,-7 0 0,-107 1 0,56 1 0,60-1 0,0 0 0,0 0 0,1 0 0,-1 1 0,0-1 0,1 1 0,-1-1 0,1 1 0,-1 0 0,0 0 0,1 0 0,0 0 0,-1 1 0,1-1 0,0 1 0,0-1 0,-3 3 0,3-1 0,1-1 0,-1 0 0,0 1 0,1 0 0,0-1 0,-1 1 0,1 0 0,0 0 0,1 0 0,-1 0 0,0 0 0,1 0 0,0-1 0,-1 1 0,1 4 0,4 146 0,-4-149 0,0-1 0,0 1 0,1 0 0,0-1 0,0 0 0,0 1 0,0-1 0,0 1 0,1-1 0,0 0 0,-1 0 0,1 0 0,0 0 0,5 5 0,-5-6 0,1 0 0,-1 0 0,1-1 0,-1 1 0,1-1 0,0 1 0,0-1 0,-1 0 0,1 0 0,0 0 0,0-1 0,0 1 0,0-1 0,0 1 0,0-1 0,0 0 0,0 0 0,4-1 0,0 0 0,0 0 0,0-1 0,0 0 0,0 0 0,0-1 0,0 0 0,0 0 0,-1-1 0,1 1 0,-1-2 0,0 1 0,-1-1 0,1 1 0,9-11 0,-4 2 0,0-1 0,-1 0 0,-1 0 0,0-1 0,10-21 0,-18 31 0,1 1 0,-1-1 0,0 0 0,0 0 0,0 0 0,0-7 0,3-18 0,-4 30 0,0 0 0,0 0 0,0 0 0,0 0 0,0 0 0,1 1 0,-1-1 0,0 0 0,0 0 0,0 0 0,0 0 0,0 0 0,0 0 0,0 0 0,0 0 0,0 1 0,0-1 0,0 0 0,0 0 0,1 0 0,-1 0 0,0 0 0,0 0 0,0 0 0,0 0 0,0 0 0,0 0 0,0 0 0,1 0 0,-1 0 0,0 0 0,0 0 0,0 0 0,0 0 0,0 0 0,0 0 0,1 0 0,-1 0 0,0 0 0,0 0 0,0 0 0,0 0 0,0 0 0,0 0 0,0 0 0,1 0 0,-1 0 0,0 0 0,0 0 0,0 0 0,0-1 0,0 1 0,0 0 0,0 0 0,0 0 0,0 0 0,1 0 0,-1 0 0,0 0 0,0 0 0,0-1 0,4 13 0,-4-12 0,28 147 0,-13-55 0,-9-55 0,-2-15 0,-3-16 0,-1-6 0,3-19 0,0 0 0,1 1 0,0 0 0,2 0 0,0 0 0,14-25 0,2 0 0,38-53 0,-58 93 0,0 0 0,0 0 0,1 0 0,-1 1 0,1-1 0,0 1 0,0 0 0,0-1 0,0 1 0,0 1 0,0-1 0,5-2 0,1 1 0,0 1 0,-1 0 0,15-1 0,15-3 0,-36 5 0,-3 0 0,-7 0 0,-14 2 0,16 0 0,-1 1 0,0 1 0,1-1 0,0 1 0,-1 0 0,1 0 0,0 1 0,1 0 0,-1 0 0,1 0 0,-1 1 0,1 0 0,1 0 0,-1 0 0,1 0 0,0 1 0,0 0 0,0 0 0,1 0 0,0 0 0,0 0 0,0 1 0,1 0 0,0-1 0,1 1 0,-1 0 0,1 0 0,0 10 0,1 12 0,1-1 0,1 1 0,1-1 0,2 1 0,11 37 0,-16-64 0,1 0 0,-1-1 0,1 1 0,0 0 0,0-1 0,0 1 0,0 0 0,0-1 0,0 1 0,0-1 0,2 2 0,-3-3 0,1 1 0,0-1 0,-1 0 0,1 0 0,0 1 0,-1-1 0,1 0 0,0 0 0,0 0 0,-1 0 0,1 0 0,0 0 0,-1 0 0,1 0 0,0 0 0,-1-1 0,1 1 0,0 0 0,-1 0 0,1-1 0,0 1 0,-1 0 0,1-1 0,0 1 0,-1 0 0,1-1 0,-1 1 0,1-1 0,-1 1 0,1-1 0,-1 1 0,1-1 0,-1 0 0,5-4 0,-1-1 0,1 1 0,-2-1 0,1 0 0,0 0 0,-1 0 0,0 0 0,2-9 0,-1 3 0,-1-1 0,0 0 0,2-19 0,-3 19 0,0 0 0,2 0 0,5-16 0,-3 13 0,4-22 0,-3 8 0,-4 19 0,0 1 0,1-15 0,-4 24 0,0 0 0,0 0 0,0 0 0,0 0 0,0 0 0,0 0 0,1 0 0,-1 0 0,0 1 0,1-1 0,-1 0 0,1 0 0,-1 0 0,1 0 0,-1 0 0,1 0 0,0 1 0,-1-1 0,2-1 0,-1 2 0,0 0 0,0 0 0,-1 0 0,1 0 0,0 0 0,0 0 0,-1 0 0,1 0 0,0 0 0,0 0 0,-1 1 0,1-1 0,0 0 0,0 1 0,-1-1 0,1 0 0,0 1 0,-1-1 0,1 1 0,-1-1 0,1 1 0,0-1 0,-1 1 0,1-1 0,-1 1 0,1 0 0,-1-1 0,1 2 0,4 4 0,-1 0 0,0 0 0,0 1 0,0 0 0,0 0 0,-1 0 0,2 9 0,13 55 0,-7-24 0,-8-36 0,10 36 0,-1 1 0,4 54 0,-14-88 0,1 1 0,0-1 0,0 0 0,1 0 0,9 18 0,-7-12 0,0 0 0,-1 0 0,-1 1 0,1 20 0,1 5 0,-5-44 0,-1-1 0,0 1 0,1 0 0,-1-1 0,0 1 0,0-1 0,0 1 0,0-1 0,-1 1 0,1-1 0,0 1 0,-1-1 0,1 1 0,-1-1 0,1 1 0,-1-1 0,0 0 0,1 1 0,-1-1 0,-1 2 0,1-2 0,-1 0 0,1-1 0,0 1 0,-1 0 0,1-1 0,0 1 0,-1-1 0,1 1 0,-1-1 0,1 0 0,-1 1 0,1-1 0,-1 0 0,1 0 0,-1 0 0,1 0 0,-1-1 0,1 1 0,-1 0 0,-1-1 0,-6-1 0,1-1 0,0 0 0,0 0 0,0-1 0,1 0 0,-1-1 0,1 1 0,0-1 0,0 0 0,-7-8 0,4 3 0,0-1 0,1 1 0,0-2 0,1 1 0,-10-19 0,14 21 0,1-1 0,0 1 0,1-1 0,0 0 0,0 0 0,1 1 0,0-1 0,1 0 0,0 0 0,1 0 0,2-15 0,-1 16 0,0-1 0,1 1 0,0-1 0,1 1 0,0 0 0,0 0 0,1 1 0,0-1 0,10-12 0,7-5 0,35-33 0,-38 41 0,20-16 0,-28 25 0,0 0 0,0-1 0,15-19 0,-11 7 0,19-37 0,-13 20 0,-18 33 0,0 0 0,0 0 0,-1 0 0,0 0 0,0-1 0,-1 1 0,1-1 0,-1 1 0,-1-1 0,1-10 0,-3-1 0,0 0 0,-7-29 0,9 46 0,0 0 0,0-1 0,0 1 0,-1 0 0,1 0 0,0-1 0,-1 1 0,1 0 0,-1 0 0,0 0 0,1 0 0,-1-1 0,0 1 0,0 0 0,0 0 0,0 0 0,1 1 0,-1-1 0,0 0 0,-1 0 0,1 0 0,0 1 0,0-1 0,0 1 0,-3-2 0,2 2 0,1 0 0,-1 0 0,0 1 0,0-1 0,0 0 0,1 1 0,-1-1 0,0 1 0,0 0 0,1-1 0,-1 1 0,0 0 0,1 0 0,-1 0 0,1 0 0,-1 0 0,1 1 0,-2 0 0,-3 4 0,-1-1 0,1 1 0,0 1 0,1-1 0,-1 1 0,1 0 0,1 0 0,-1 0 0,1 1 0,1-1 0,-1 1 0,1 0 0,-2 9 0,1 2 0,1-3 0,0-1 0,0 30 0,3-42 0,0 1 0,0 0 0,0 0 0,1 0 0,0 0 0,-1-1 0,1 1 0,1 0 0,-1-1 0,1 1 0,-1-1 0,1 1 0,0-1 0,0 0 0,0 0 0,6 6 0,21 21 0,-20-20 0,0-1 0,17 15 0,-22-21 0,1-1 0,-1 1 0,0-1 0,1 0 0,0 0 0,-1 0 0,1 0 0,0-1 0,0 0 0,9 1 0,-7-1 0,0-1 0,1 0 0,-1-1 0,0 1 0,0-1 0,1-1 0,-1 1 0,0-1 0,10-4 0,-13 4 0,0 0 0,0 0 0,-1 0 0,1-1 0,-1 0 0,1 1 0,-1-1 0,0 0 0,0 0 0,0-1 0,0 1 0,-1-1 0,1 1 0,-1-1 0,0 0 0,0 0 0,1-5 0,1-3 0,-1 0 0,0 0 0,-1-1 0,0-20 0,-3-53 0,-1 27 0,1 40 0,0 12 0,1 0 0,0 0 0,1-1 0,-1 1 0,3-9 0,-3 15 0,0 1 0,0 0 0,0 0 0,0 0 0,0-1 0,0 1 0,0 0 0,0 0 0,1-1 0,-1 1 0,0 0 0,0 0 0,0 0 0,0-1 0,0 1 0,1 0 0,-1 0 0,0 0 0,0 0 0,0 0 0,0-1 0,1 1 0,-1 0 0,0 0 0,0 0 0,0 0 0,1 0 0,-1 0 0,0 0 0,0 0 0,1 0 0,-1 0 0,0 0 0,0 0 0,1 0 0,-1 0 0,0 0 0,10 7 0,4 13 0,-5-3 0,-1 1 0,-1-1 0,0 2 0,-1-1 0,3 24 0,13 36 0,-15-54 0,5 30 0,1 2 0,-14-61 0,1 0 0,-1 0 0,1 1 0,2-11 0,-1-3 0,-2-24 0,1-58 0,2 86 0,-1-1 0,2 1 0,0 0 0,8-25 0,7 5 0,-10 21 0,-6 10 0,0 0 0,0 0 0,1 0 0,-1 0 0,1 0 0,-1 1 0,1-1 0,0 1 0,0 0 0,0 0 0,0 0 0,0 0 0,1 0 0,3-1 0,-4 2 0,0 1 0,-1-1 0,1 0 0,0 1 0,-1 0 0,1-1 0,0 1 0,-1 0 0,1 0 0,0 1 0,0-1 0,-1 1 0,1-1 0,0 1 0,-1 0 0,1 0 0,-1 0 0,1 0 0,3 3 0,-1-1 0,0 1 0,-1-1 0,1 2 0,-1-1 0,0 0 0,0 1 0,0 0 0,0 0 0,-1 0 0,0 0 0,0 0 0,-1 1 0,3 6 0,0 4 0,-1 0 0,-1 1 0,2 21 0,3 15 0,-6-46 0,0 1 0,0-1 0,1 0 0,1-1 0,-1 1 0,1 0 0,8 10 0,-5-7 0,10 20 0,-6-7 0,-4-5 0,17 28 0,-24-47 0,0 1 0,0 0 0,0 0 0,0 0 0,0 0 0,0 0 0,0 0 0,0 0 0,0 0 0,0 0 0,0 0 0,0 0 0,0-1 0,0 1 0,0 0 0,0 0 0,0 0 0,0 0 0,0 0 0,0 0 0,1 0 0,-1 0 0,0 0 0,0 0 0,0 0 0,0 0 0,0 0 0,0 0 0,0-1 0,0 1 0,0 0 0,0 0 0,0 0 0,0 0 0,0 0 0,0 0 0,0 0 0,1 0 0,-1 0 0,0 0 0,0 0 0,0 0 0,0 0 0,0 0 0,0 0 0,0 0 0,0 0 0,0 0 0,0 0 0,0 0 0,1 0 0,-1 0 0,0 0 0,0 0 0,0 0 0,0 0 0,0 0 0,0 0 0,0 0 0,0 1 0,0-1 0,0 0 0,0 0 0,0 0 0,0 0 0,0 0 0,0 0 0,0 0 0,1 0 0,0-8 0,0-126 0,-2 21 0,2 102 0,1-1 0,0 1 0,0 0 0,1 0 0,1 1 0,0-1 0,0 1 0,1 0 0,1 0 0,-1 0 0,2 0 0,-1 1 0,1 0 0,10-9 0,-14 15 0,0 0 0,0 1 0,1 0 0,-1-1 0,1 1 0,-1 0 0,1 1 0,-1-1 0,1 1 0,0 0 0,0 0 0,0 0 0,0 0 0,0 0 0,0 1 0,0 0 0,0 0 0,0 0 0,0 0 0,6 2 0,-10-2 0,0 0 0,0 1 0,0-1 0,0 0 0,0 0 0,0 0 0,0 1 0,0-1 0,0 0 0,0 0 0,0 0 0,0 1 0,0-1 0,0 0 0,0 0 0,0 0 0,0 0 0,-1 1 0,1-1 0,0 0 0,0 0 0,0 0 0,0 0 0,0 1 0,0-1 0,0 0 0,-1 0 0,1 0 0,0 0 0,0 0 0,0 1 0,0-1 0,-1 0 0,1 0 0,0 0 0,-11 10 0,6-4 0,-6 6 0,2 1 0,0 0 0,0 0 0,2 1 0,-1 0 0,2 0 0,0 1 0,0 0 0,2 0 0,0 0 0,0 0 0,1 1 0,0 30 0,2-44 0,1-1 0,0 1 0,0-1 0,0 1 0,0 0 0,1-1 0,-1 1 0,0-1 0,1 1 0,-1-1 0,1 1 0,0-1 0,-1 1 0,1-1 0,0 0 0,0 1 0,0-1 0,0 0 0,0 1 0,0-1 0,0 0 0,0 0 0,0 0 0,1 0 0,-1 0 0,3 1 0,0-1 0,0 1 0,1-1 0,-1 0 0,0-1 0,1 1 0,-1-1 0,1 0 0,6 0 0,0-1 0,0 1 0,1-2 0,-1 1 0,12-5 0,-17 4 0,1 0 0,-1-1 0,0 0 0,0 0 0,0-1 0,0 1 0,-1-1 0,6-6 0,-4 4 0,0 0 0,-1-1 0,0 0 0,0 0 0,-1-1 0,0 0 0,0 1 0,-1-2 0,0 1 0,0 0 0,-1-1 0,0 0 0,0 0 0,-1 0 0,0 0 0,-1 0 0,0 0 0,-1-16 0,-1-65 0,1 90 0,0 0 0,0-1 0,0 1 0,0 0 0,0 0 0,0-1 0,0 1 0,0 0 0,0-1 0,0 1 0,0 0 0,0-1 0,0 1 0,0 0 0,0-1 0,0 1 0,0 0 0,0-1 0,1 1 0,-1 0 0,0 0 0,0-1 0,0 1 0,0 0 0,1 0 0,-1-1 0,5 7 0,4 16 0,30 112 0,-35-120 0,1-1 0,7 17 0,-3-10 0,-9-19 0,0-1 0,0 0 0,0 1 0,0-1 0,1 0 0,-1 1 0,0-1 0,0 0 0,0 1 0,0-1 0,1 0 0,-1 1 0,0-1 0,0 0 0,0 0 0,1 1 0,-1-1 0,0 0 0,1 0 0,-1 1 0,0-1 0,1 0 0,-1 0 0,0 0 0,1 0 0,-1 0 0,0 1 0,1-1 0,-1 0 0,0 0 0,1 0 0,0 0 0,0-1 0,-1 1 0,1-1 0,-1 1 0,1-1 0,0 1 0,-1-1 0,1 1 0,-1-1 0,1 1 0,-1-1 0,1 1 0,-1-1 0,1-1 0,12-26 0,-13 27 0,6-14 0,21-67 0,-23 69 0,-1-1 0,-1 1 0,0-1 0,-1-18 0,-1 28 0,0-22 0,3 16 0,-3 10 0,0 0 0,1 0 0,-1-1 0,0 1 0,0 0 0,0 0 0,0 0 0,1 0 0,-1 0 0,0 0 0,0 0 0,0 0 0,1 0 0,-1-1 0,0 1 0,0 0 0,0 0 0,1 0 0,-1 0 0,0 0 0,0 0 0,0 0 0,1 0 0,-1 0 0,0 1 0,0-1 0,0 0 0,1 0 0,-1 0 0,0 0 0,0 0 0,0 0 0,0 0 0,1 0 0,-1 0 0,0 1 0,5 2 0,-1 1 0,0 0 0,0 0 0,0 0 0,-1 0 0,1 1 0,-1-1 0,4 10 0,21 47 0,-16-35 0,113 309 0,-25 10 0,-72-243 0,-26-95 0,33 133 0,-32-120 0,0 0 0,-1 1 0,-1-1 0,-3 40 0,2-57 0,-1-1 0,1 0 0,0 0 0,-1 0 0,0 0 0,1 0 0,-1 0 0,0 0 0,0 0 0,0 0 0,0 0 0,-1 0 0,1-1 0,0 1 0,-1-1 0,1 1 0,-1-1 0,0 1 0,-2 1 0,1-2 0,0 1 0,0-1 0,0 0 0,0 0 0,0 0 0,0 0 0,-1-1 0,1 1 0,0-1 0,-1 0 0,-4 0 0,-1-1 0,1 0 0,-1 0 0,0-1 0,1 0 0,0-1 0,-1 0 0,1 0 0,-15-9 0,2-2 0,1-1 0,0-1 0,1-1 0,0 0 0,2-2 0,0 0 0,1-1 0,1 0 0,0-1 0,-14-31 0,15 24 0,2-1 0,1 0 0,2 0 0,1-1 0,1 0 0,1-1 0,2 1 0,-1-39 0,4 53 0,2-1 0,0 0 0,1 1 0,0-1 0,1 1 0,1 0 0,1-1 0,0 2 0,12-25 0,-2 12 0,1 1 0,1 0 0,26-30 0,68-69 0,-66 77 0,-14 19 0,64-51 0,-53 48 0,-39 31 0,-1 0 0,1 0 0,-1 0 0,0 0 0,0-1 0,0 1 0,3-6 0,-4 8 0,-1-1 0,0 1 0,0 0 0,0-1 0,0 1 0,0 0 0,0-1 0,0 1 0,0-1 0,0 1 0,0 0 0,0-1 0,0 1 0,0 0 0,0-1 0,0 1 0,0-1 0,0 1 0,0 0 0,-1-1 0,1 1 0,0 0 0,0-1 0,0 1 0,0 0 0,-1-1 0,0 0 0,0 1 0,0-1 0,0 0 0,0 1 0,0-1 0,-1 1 0,1-1 0,0 1 0,0 0 0,0-1 0,-1 1 0,-1 0 0,-9-1-116,1 0-1,-1 1 1,0 1 0,-18 2-1,13-1-666,-54 7-6043
[word/ink/ink11.xml]

0 328 24575,'0'-5'0,"1"0"0,-1 1 0,1-1 0,0 0 0,0 1 0,0-1 0,1 1 0,0-1 0,-1 1 0,2 0 0,-1 0 0,4-6 0,3-1 0,0 0 0,20-17 0,-20 20 0,0 0 0,-1-1 0,0 0 0,13-19 0,-17 20 0,-1 3 0,0-1 0,1 1 0,-1-1 0,1 1 0,8-8 0,-6 7 0,-1-1 0,0 0 0,0 0 0,-1-1 0,1 1 0,-2-1 0,7-16 0,-3 6 0,-7 18 0,0-1 0,0 0 0,1 1 0,-1-1 0,0 1 0,0-1 0,1 1 0,-1-1 0,1 0 0,-1 1 0,0-1 0,1 1 0,-1 0 0,1-1 0,-1 1 0,1-1 0,-1 1 0,1 0 0,0-1 0,-1 1 0,1 0 0,-1 0 0,1-1 0,0 1 0,-1 0 0,1 0 0,-1 0 0,1 0 0,0 0 0,1 0 0,-1 0 0,1 1 0,-1-1 0,1 1 0,-1 0 0,0-1 0,1 1 0,-1 0 0,0 0 0,1 0 0,-1 0 0,1 1 0,6 6 0,-1 0 0,11 17 0,-16-21 0,7 12 0,0 0 0,-1 0 0,-1 1 0,7 23 0,-7-18 0,18 37 0,7 8 120,-29-58-332,0-1 0,-1 1 0,0 0-1,-1-1 1,1 1 0,-1 12 0,-1-10-6614
[word/ink/ink12.xml]

0 1 24575
[word/ink/ink13.xml]

0 0 24575
[word/ink/ink14.xml]

0 1 245750 1 24575
[word/ink/ink15.xml]

0 2 24575,'0'-2'0
[word/ink/ink16.xml]

1 1 24575,'2'0'0
[word/ink/ink17.xml]

0 0 24575
[word/ink/ink18.xml]

1189 28 24575,'-11'-1'0,"0"0"0,0-1 0,0 0 0,-16-5 0,15 3 0,0 1 0,0 0 0,-19-1 0,-262 3 0,145 3 0,-449-2-1365,584 0-5461
[word/ink/ink19.xml]

9086 120 24575,'-6'-2'0,"0"-1"0,0 1 0,0 1 0,0-1 0,0 1 0,-11-1 0,-40 1 0,32 2 0,-1128-1 0,873-9 0,178 4 0,-94-20 0,0-1 0,-279 23 0,265 5 0,-2333-2 0,2286 7 0,19-1 0,-655-5 0,418-2 0,200-6 0,-10 0 0,266 8 0,-263-4 0,-1-16 0,33 2 0,-2 16 0,135 1 0,101 1 0,-1 1 0,1 1 0,0 0 0,0 1 0,0 1 0,-20 9 0,11-3-1365,14-6-5461
[word/ink/ink20.xml]

122 612 24575,'-3'0'0,"0"0"0,0 1 0,0 0 0,1 0 0,-1 0 0,0 0 0,1 0 0,-1 0 0,1 1 0,-1-1 0,1 1 0,-3 1 0,-25 25 0,24-22 0,1 1 0,0 0 0,0 0 0,1 0 0,0 0 0,0 1 0,1-1 0,0 1 0,0 0 0,1 0 0,-2 10 0,2-2 0,0 1 0,0-1 0,2 1 0,2 27 0,-2-43 0,0 0 0,0 1 0,0-1 0,0 0 0,0 0 0,1 0 0,-1 0 0,0 0 0,1 0 0,-1 0 0,1 0 0,-1 0 0,1 0 0,-1 0 0,1 0 0,0 0 0,0-1 0,-1 1 0,1 0 0,0 0 0,0-1 0,0 1 0,1 0 0,0 0 0,-1-1 0,1 1 0,0-1 0,0 0 0,-1 0 0,1 0 0,0 0 0,-1 0 0,1 0 0,0 0 0,0 0 0,-1-1 0,3 0 0,4-2 0,-1 0 0,0 0 0,0-1 0,0 0 0,9-7 0,-7 3 0,-1 0 0,0 0 0,0-1 0,9-14 0,16-17 0,-28 35 0,0 0 0,-1-1 0,1 0 0,-1 0 0,-1 0 0,1 0 0,-1-1 0,0 0 0,4-13 0,-6 17 0,-1 1 0,1 0 0,-1-1 0,0 1 0,1-1 0,-1 1 0,-1 0 0,1-1 0,0 1 0,0-1 0,-1 1 0,0 0 0,1-1 0,-1 1 0,0 0 0,0 0 0,0-1 0,0 1 0,-1 0 0,1 0 0,-1 0 0,1 1 0,-1-1 0,1 0 0,-1 0 0,0 1 0,0-1 0,0 1 0,0 0 0,0-1 0,0 1 0,-4-1 0,-7-2 0,12 4 0,1 0 0,0 0 0,0 0 0,-1 0 0,1 0 0,0 0 0,0 1 0,-1-1 0,1 0 0,0 0 0,0 0 0,-1 0 0,1 0 0,0 0 0,0 1 0,0-1 0,-1 0 0,1 0 0,0 0 0,0 0 0,0 1 0,0-1 0,-1 0 0,1 0 0,0 1 0,0-1 0,0 2 0,-1 0 0,1 0 0,0 0 0,0 0 0,0 0 0,0 0 0,1 0 0,0 4 0,0 1 0,13 86 0,-12-75 0,0 22 0,0-3 0,-2-36 0,0 1 0,1-1 0,-1 1 0,0-1 0,1 0 0,-1 1 0,1-1 0,-1 0 0,1 0 0,0 0 0,0 1 0,0-1 0,-1 0 0,1 0 0,0 0 0,0 0 0,0 0 0,0 0 0,1 0 0,-1-1 0,0 1 0,0 0 0,1-1 0,-1 1 0,0-1 0,0 1 0,1-1 0,-1 1 0,1-1 0,-1 0 0,0 0 0,3 0 0,0 1 0,1-1 0,0 0 0,0-1 0,0 1 0,-1-1 0,1 0 0,0 0 0,6-3 0,-9 3 0,1-1 0,-1 1 0,0-1 0,0 0 0,0 0 0,0 1 0,0-1 0,0-1 0,-1 1 0,1 0 0,-1 0 0,1-1 0,-1 1 0,2-5 0,1-4 0,0 0 0,3-12 0,7-65 0,-8 40 0,-4 39 0,0-1 0,6-12 0,-5 14 0,-1 0 0,1 0 0,2-16 0,-4-19 0,-2 26 0,1 14 0,0 5 0,-1 32 0,2 75 0,-1-107 0,0 0 0,0 0 0,1 0 0,-1-1 0,0 1 0,1 0 0,-1 0 0,1-1 0,0 1 0,-1 0 0,1-1 0,0 1 0,0-1 0,0 1 0,0-1 0,0 1 0,0-1 0,1 0 0,-1 1 0,0-1 0,3 2 0,0-2 0,1 1 0,-1 0 0,1-1 0,-1 0 0,1 0 0,8 1 0,-5-1 0,18 2 0,-21-4 0,-1 1 0,1 1 0,-1-1 0,1 1 0,-1-1 0,1 1 0,-1 1 0,1-1 0,-1 1 0,0-1 0,0 1 0,7 5 0,55 42 0,-62-46 0,-1 0 0,1 1 0,-1 0 0,1 0 0,-1 0 0,0 0 0,-1 0 0,1 1 0,-1-1 0,0 1 0,0-1 0,0 1 0,0 0 0,-1 0 0,0 0 0,1 7 0,-2-8 0,1 0 0,-1 0 0,0 0 0,0-1 0,0 1 0,0 0 0,-1 0 0,1-1 0,-1 1 0,0 0 0,0-1 0,-1 1 0,1 0 0,-1-1 0,0 0 0,0 1 0,0-1 0,0 0 0,0 0 0,-1 0 0,1 0 0,-5 3 0,0-2 0,0 1 0,-1-1 0,1 0 0,-1 0 0,0-1 0,0 0 0,-1-1 0,-10 2 0,0-1 0,0-1 0,-32-1 0,49-2 8,-1 1 1,1 0-1,-1-1 0,1 1 0,-1-1 1,1 0-1,0 0 0,-1 0 0,1 0 1,0 0-1,0-1 0,-3-1 0,-22-23-1162,25 24 836,-11-13-6508719 678 24575,'5'-1'0,"-1"0"0,1-1 0,-1 1 0,1-1 0,-1 0 0,0 0 0,0 0 0,0 0 0,0-1 0,0 0 0,0 0 0,-1 0 0,6-6 0,-6 5 0,0-1 0,0 1 0,-1-1 0,1 0 0,-1 0 0,0 0 0,-1-1 0,1 1 0,0-10 0,1-7 0,0-22 0,-2 36 0,-1 6 0,0 0 0,0 0 0,0 0 0,0 0 0,0 0 0,0 0 0,-1 0 0,1 0 0,-1 0 0,1 0 0,-1 0 0,0 1 0,0-1 0,0 0 0,0 0 0,0 1 0,-1-3 0,0 3 0,1 0 0,-1 0 0,0 0 0,1 0 0,-1 0 0,0 0 0,0 0 0,0 1 0,0-1 0,0 1 0,0-1 0,0 1 0,0 0 0,0 0 0,0 0 0,0 0 0,-2 0 0,-1 1 0,-1 0 0,1 0 0,0 0 0,0 0 0,0 1 0,1 0 0,-1 0 0,0 0 0,1 1 0,-1-1 0,1 1 0,0 0 0,-1 0 0,2 1 0,-8 7 0,3-3 0,1 1 0,1 1 0,0-1 0,0 1 0,1 0 0,-6 15 0,8-17 0,0 1 0,1 0 0,0 0 0,1 0 0,-1 13 0,4 48 0,0-24 0,-2-41 0,1 0 0,0-1 0,0 1 0,0-1 0,1 1 0,-1-1 0,1 0 0,0 0 0,0 0 0,1 0 0,-1 0 0,1 0 0,0 0 0,0-1 0,0 0 0,1 1 0,-1-1 0,1 0 0,-1-1 0,1 1 0,5 2 0,-5-3 0,1 0 0,-1 0 0,0-1 0,1 1 0,0-1 0,-1 0 0,1-1 0,8 2 0,41-4 0,-28 1 0,15 0 0,68-4 0,-93 6 115,-16 1-321,-8 3-1068,-3-1-55521115 479 24575,'-40'48'0,"18"-21"0,18-22 0,1-1 0,0 1 0,0 0 0,0 0 0,0 0 0,1 0 0,0 1 0,0-1 0,0 1 0,-1 9 0,1 1 0,1-1 0,2 26 0,0-27 0,-1 4 0,0 1 0,1 0 0,5 22 0,-5-35 0,0-1 0,1 1 0,-1-1 0,1 0 0,0 0 0,1 0 0,0 0 0,-1 0 0,1-1 0,1 1 0,-1-1 0,6 5 0,-8-8 0,-1 0 0,1 0 0,0-1 0,0 1 0,0 0 0,0-1 0,0 1 0,0-1 0,1 1 0,-1-1 0,0 1 0,0-1 0,0 0 0,0 0 0,1 0 0,-1 1 0,0-1 0,0 0 0,0 0 0,1-1 0,-1 1 0,0 0 0,0 0 0,0-1 0,0 1 0,1 0 0,-1-1 0,0 1 0,0-1 0,0 1 0,0-1 0,0 0 0,1-1 0,4-2 0,-1-1 0,0-1 0,0 1 0,7-10 0,-2 3 0,-1 0 0,0 1 0,-1-1 0,-1 0 0,0-1 0,0 1 0,-1-1 0,-1-1 0,0 1 0,5-27 0,-7 5 0,-1 0 0,-4-42 0,1 11 0,2 16 0,-3-53 0,1 91 0,0 0 0,-1 0 0,-1 0 0,0 0 0,-1 1 0,0 0 0,-1-1 0,0 1 0,-12-18 0,7 11 0,0 0 0,0 0 0,-9-29 0,-3-6 0,21 51 0,0 0 0,0 0 0,-1 0 0,1 0 0,0 0 0,-4-3 0,5 5 0,0 0 0,-1 0 0,1-1 0,0 1 0,0 0 0,-1 0 0,1 0 0,0 0 0,0-1 0,-1 1 0,1 0 0,0 0 0,-1 0 0,1 0 0,0 0 0,-1 0 0,1 0 0,0 0 0,-1 0 0,1 0 0,0 0 0,-1 0 0,0 0 0,1 1 0,-1-1 0,1 0 0,0 1 0,-1-1 0,1 1 0,-1-1 0,1 1 0,0-1 0,-1 1 0,1-1 0,0 1 0,-1-1 0,1 1 0,0-1 0,0 1 0,-1 0 0,0 6 0,0 0 0,1 0 0,-1 0 0,1 0 0,0 0 0,1 0 0,0 0 0,2 10 0,1 10 0,-1 107 0,-1-19 0,0-98 0,0-1 0,2 0 0,0 0 0,0 0 0,11 23 0,15 20 0,-22-40 0,1 0 0,16 22 0,0 1 0,29 75 0,-52-111 0,2 5 0,0 0 0,1-1 0,0 1 0,13 17 0,-17-26 0,1 0 0,-1 0 0,1 0 0,0-1 0,0 1 0,0 0 0,0-1 0,0 1 0,0-1 0,0 0 0,0 0 0,0 0 0,1 0 0,-1 0 0,0 0 0,1-1 0,-1 1 0,1-1 0,-1 1 0,1-1 0,-1 0 0,1 0 0,-1 0 0,0 0 0,1-1 0,-1 1 0,1-1 0,3-1 0,29-13 106,3-1-1577,-23 12-5355
[word/ink/ink21.xml]

10 0 24575,'0'476'0,"23"-540"0,-20 55 0,0 0 0,0 0 0,1 1 0,0 0 0,0 0 0,1 0 0,0 0 0,1 1 0,0 0 0,0 0 0,0 0 0,1 1 0,0 0 0,0 0 0,0 0 0,15-7 0,-21 12 0,0 0 0,1 1 0,-1-1 0,0 1 0,0-1 0,0 1 0,1-1 0,-1 1 0,0 0 0,0 0 0,1-1 0,-1 1 0,0 0 0,1 0 0,-1 0 0,0 1 0,0-1 0,1 0 0,1 1 0,-2 0 0,0-1 0,0 1 0,0 0 0,0 0 0,0-1 0,0 1 0,0 0 0,-1 0 0,1 0 0,0 0 0,-1 0 0,1 0 0,0 0 0,-1 0 0,1 1 0,-1 1 0,2 5 0,0-1 0,-1 1 0,-1 0 0,0 15 0,0-20 0,1 26 0,0-20 0,-1 1 0,0-1 0,0 1 0,-1-1 0,0 1 0,-1-1 0,0 0 0,-3 10 0,3-16 0,0 0 0,1 0 0,-1-1 0,0 1 0,0-1 0,-1 1 0,1-1 0,0 0 0,-1 0 0,1 0 0,-1 0 0,0 0 0,0-1 0,0 1 0,1-1 0,-1 0 0,-1 0 0,-5 1 0,5-1 0,0 0 0,0-1 0,0 1 0,0-1 0,0 0 0,0 0 0,0-1 0,0 1 0,0-1 0,1 0 0,-1 0 0,0 0 0,0-1 0,-6-3 0,2 0-341,0-1 0,0 0-1,-10-10 1,5 3-6485
[word/ink/ink22.xml]

1 0 21389,'1838'0'0
[word/ink/ink23.xml]

1 0 24575,'1256'0'0,"-1002"7"0,5 0 0,677-7 0,-550 20 0,-44-1 0,34-19 0,43 1 0,-222 17 0,-21 1 0,217 5 0,-270-15 0,348 34 0,-152-9 0,-234-26 0,15 5 0,76 4 0,536-16-1202,-370-2 646,1150 0 2314,-1089 22-1758,-52-2 0,370-17 0,-362-4 0,459 2 0,-804-1 0,-1 0 0,0-2 0,0 1 0,-1-2 0,15-4 0,11-4 0,-32 10 0,23-5 0,44-7 0,-30 6-1365,-31 6-5461
[word/ink/ink24.xml]

0 42 24575,'3462'0'0,"-2935"-6"0,-8-1 0,2544 7 0,-2538-13-417,-96-1 109,720 12 855,-602 4-369,633-2-178,-1170 0 0,1 2 0,-1-1 0,0 1 0,17 7 0,-15-5 0,0-1 0,21 3 0,64-5-56,-63-2-1253,-22 1-5517
[word/ink/ink25.xml]

1 41 24575,'939'0'0,"-912"-1"0,1-2 0,48-11 0,24-2 0,153 9-1226,-248 7 1087,34 1-6687
[word/ink/ink26.xml]

0 54 24575,'3545'0'-2652,"-2027"0"4461,-934 13-2064,-21 1 70,1265-15 1468,-882-19-2746,-129 0 283,-166 20 445,34 0 119,-77-28 1638,-279 17 1950,-250 11-4337,-64 0-5461
[word/ink/ink27.xml]

1 27 24575,'7'0'0,"-1"-1"0,1 0 0,9-2 0,10-2 0,207-12 0,7 17 0,-113 1 0,-93 0 0,1 2 0,56 13 0,-61-12 0,0-1 0,0-2 0,35-2 0,29 1 0,-77 1 0,-1 2 0,0 0 0,-1 1 0,21 8 0,-29-10-341,-1 1 0,0 1-1,9 6 1,-2 0-6485
[word/ink/ink28.xml]

0 44 24575,'363'-1'-1025,"96"0"-3090,-150 3 4315,220 18-553,92 1-46,-315-22 975,288 2 530,565 44-4054,-12 0 446,-594-41 2422,488 14-132,74 15 2484,-663-33-1656,597 9 328,93 9 939,3-18 1231,-425-2-2231,1038 2-843,-1386-6-40,-51-1 0,1833 6-537,-1100 2 355,-464-20-846,-561 17 1037,4 1 9,0-2 0,-1-1 0,0-2 0,36-11 1,-63 16 59,-1-1 1,0 0-1,0 1 1,6-5 0,-9 6-72,0-1 0,0 0 1,0 1-1,-1-1 0,1 0 0,0 0 1,-1 1-1,1-1 0,0 0 1,-1 0-1,1 0 0,-1 0 1,1 0-1,-1 0 0,0 0 1,1 0-1,-1 0 0,0 0 1,0 0-1,0 0 0,0 0 0,1 0 1,-2-2-1,1-1-20,0 4 38,0-1 0,0 0 0,-1 0 0,1 0 0,0 0 1,0 1-1,1-1 0,-1 0 0,0 0 0,0 0 0,0 0 0,1-1 1,0 1 10,-1 1 1,1-1 0,0 0 0,0 0-1,-1 1 1,1-1 0,0 0 0,0 1-1,0-1 1,0 1 0,0-1 0,0 1 0,0-1-1,0 1 1,2-1 0,13-2 22,-1 0 0,21 0 0,101-2-59,72 10-1108,63 9-3325,48 7 3325,41 6 551,2506 76-3850,-2606-103 4731,-240 0 417,-10 0-74,1 0 1,0-1-1,0 0 0,14-4 0,-23 5-204,-1-1 0,1 0-1,-1-1 1,0 1-1,1 0 1,-1-1-1,0 1 1,0-1-1,0 1 1,4-5 0,-5 4-312,1 1 1,-1-1 0,1 1-1,0-1 1,-1 1 0,1 0-1,0 0 1,0 0 0,0 0-1,0 0 1,0 0 0,0 0 0,5-1-1,0 2-151,4-1 0,-10-1 0,-6-2 0,-30-17 0,-2 1 0,-53-19 0,-83-20 0,19 7 0,120 41 0,-62-13 0,64 19 0,-1 3 0,0 0 0,-36 4 0,5 0 0,49-2-1365,3 0-5461
[word/ink/ink29.xml]

41 186 24575,'0'12'0,"0"40"0,-11 90 0,3-72 0,0 133 0,7-181 0,-5 31 0,3-29 0,-1 24 0,5 117-1365,-1-152-546181 211 24575,'9'10'0,"0"1"0,8 13 0,5 5 0,18 24 0,53 96 0,-41-39 0,-11-21 0,17 26 0,-48-92 0,12 38 0,-14-38 0,16 36 0,-23-58 11,-1 0 0,1 0-1,-1 1 1,1-1 0,-1 0-1,1 0 1,-1 0-1,0 1 1,1-1 0,-1 3-1,-3-3-214,-5-6-1074,-1-2-554881 622 24575,'3'0'0,"9"0"0,16 0 0,8 0 0,9 0 0,6 0 0,-3 0 0,-8 0 0,-9 0 0,-6 0 0,-4 0 0,-3 0 0,-5 2 0,-4 4 0796 609 24575,'-1'3'0,"1"-1"0,0 1 0,-1-1 0,1 1 0,-1 0 0,0-1 0,0 0 0,0 1 0,0-1 0,-4 5 0,-18 22 0,12-15 0,-141 215-866,142-211 367,2-6-6327584 675 24575,'5'0'0,"0"1"0,0 0 0,0 0 0,0 0 0,0 0 0,0 1 0,0 0 0,-1 0 0,1 0 0,-1 1 0,1-1 0,5 6 0,6 4 0,26 29 0,-17-16 0,-21-21 0,61 60 0,-54-53 0,0 0 0,1-1 0,22 14 0,-19-14 0,0 1 0,17 16 0,-24-19 0,-6-6 0,1 0 0,-1 0 0,0 0 0,0 0 0,0 1 0,0-1 0,0 1 0,1 3 0,-3-2-1365940 635 24575,'4'3'0,"-1"1"0,0-1 0,0 0 0,0 1 0,0 0 0,-1-1 0,1 1 0,-1 0 0,0 1 0,2 5 0,-2-6 0,43 111 0,-39-99 0,19 53 0,-24-66-195,0 0 0,0 0 0,-1 0 0,1 0 0,-1 0 0,1 4 0,-2 2-66311100 609 24575,'0'0'0,"1"0"0,-1 0 0,1 1 0,-1-1 0,0 0 0,1 0 0,-1 1 0,0-1 0,1 0 0,-1 1 0,0-1 0,1 0 0,-1 1 0,0-1 0,0 0 0,1 1 0,-1-1 0,0 0 0,0 1 0,0-1 0,0 1 0,1-1 0,-1 1 0,0-1 0,0 1 0,3 14 0,-2-10 0,3 20 0,2 0 0,1-1 0,1 1 0,1-2 0,1 1 0,17 28 0,-9-20 0,-14-24 0,0 0 0,1-1 0,0 1 0,0-1 0,7 8 0,-10-13 0,1 0 0,-1 0 0,0-1 0,1 1 0,-1-1 0,1 1 0,0-1 0,-1 0 0,1 0 0,0 0 0,0 0 0,0 0 0,-1-1 0,1 1 0,0-1 0,0 0 0,0 0 0,0 0 0,6-1 0,-7 1 0,0 0 0,0-1 0,-1 1 0,1-1 0,0 1 0,0-1 0,0 1 0,0-1 0,-1 0 0,1 0 0,0 0 0,-1 0 0,1 0 0,-1-1 0,1 1 0,-1 0 0,0-1 0,1 1 0,-1-1 0,0 1 0,0-1 0,0 1 0,1-3 0,0-1 0,-1-1 0,1 0 0,-1 1 0,0-1 0,-1 0 0,1-9 0,-4-152 0,2 164 4,1 0 0,-1 0 0,1 0 0,-1 0 0,0-1-1,0 1 1,0 0 0,0 1 0,-1-1 0,1 0 0,-1 0 0,0 0 0,0 1-1,0-1 1,0 1 0,0 0 0,0-1 0,-1 1 0,1 0 0,-1 0 0,0 1-1,1-1 1,-1 0 0,0 1 0,0 0 0,0 0 0,0 0 0,-6-2-1,-5 0-251,-2 1-1,1 0 1,0 1-1,-26 2 1,35-1 13,-7 1-65911432 597 24575,'1'0'0,"1"1"0,-1 0 0,1 0 0,-1 0 0,1 0 0,-1 0 0,0 0 0,1 0 0,-1 0 0,0 1 0,0-1 0,0 0 0,2 3 0,0 0 0,7 8 0,-1 1 0,0 0 0,-1 0 0,8 18 0,20 59 0,-32-81 0,16 31 0,-28-68 0,1 0 0,1-1 0,2 0 0,0-1 0,2 1 0,3-37 0,-1 65 0,0-1 0,0 0 0,1 1 0,-1-1 0,0 1 0,1-1 0,0 0 0,-1 1 0,1-1 0,0 1 0,0 0 0,0-1 0,0 1 0,0 0 0,0-1 0,0 1 0,0 0 0,0 0 0,1 0 0,-1 0 0,0 0 0,1 0 0,-1 0 0,1 0 0,-1 1 0,1-1 0,-1 1 0,1-1 0,-1 1 0,1-1 0,0 1 0,-1 0 0,1 0 0,0 0 0,1 0 0,3 0 0,-1 0 0,0 1 0,1-1 0,-1 1 0,0 0 0,1 1 0,-1-1 0,0 1 0,9 5 0,-1 1 0,-1 1 0,0 1 0,-1 0 0,0 1 0,0 0 0,10 14 0,-15-18 0,-1 1 0,0 0 0,-1 0 0,1 0 0,-1 0 0,-1 0 0,0 1 0,0 0 0,0-1 0,-1 1 0,1 16 0,-12-51 0,6 1 0,0 0 0,2-1 0,2-39 0,0 62 0,0-1 0,0 0 0,0 0 0,0 0 0,1 1 0,-1-1 0,1 1 0,0-1 0,0 1 0,0 0 0,4-4 0,3-4 0,18-16 0,-26 27 0,2-2 0,0-1 0,0 1 0,0-1 0,1 1 0,-1 0 0,1 0 0,0 1 0,0-1 0,4 0 0,-7 1 0,1 1 0,0 0 0,-1-1 0,1 1 0,0 0 0,0 0 0,0 0 0,-1 0 0,1 0 0,0 1 0,0-1 0,-1 0 0,1 1 0,0-1 0,-1 1 0,1 0 0,-1 0 0,1-1 0,0 1 0,-1 0 0,0 0 0,3 2 0,0 2 0,0-1 0,-1 1 0,1 0 0,-1 0 0,0 0 0,-1 1 0,1-1 0,-1 1 0,0-1 0,0 1 0,-1 0 0,0 0 0,1 6 0,-1 9 0,0 0 0,-3 29 0,0-2 0,2 25-1365,0-61-54612343 27 24575,'4'6'0,"0"-1"0,0 1 0,-1 0 0,0 1 0,0-1 0,0 1 0,-1-1 0,0 1 0,0 0 0,1 8 0,1 3 0,21 68 0,-6-24 0,18 115 0,-33-101 0,1 4 0,-5-79-40,1 20 205,-1-20-230,-1 0 1,1 0-1,0-1 0,0 1 0,0 0 0,-1 0 1,1-1-1,0 1 0,-1 0 0,1 0 0,-1-1 1,1 1-1,-1 0 0,1-1 0,-1 1 0,1-1 1,-1 1-1,0-1 0,1 1 0,-1-1 1,0 1-1,-1 0 0,-9 2-67612305 1 24575,'56'0'0,"57"1"0,-106 0 0,0 0 0,-1 1 0,1 0 0,-1 1 0,0-1 0,0 1 0,0 0 0,0 1 0,0-1 0,7 7 0,15 8 0,-23-14 0,1-1 0,-1 1 0,0 0 0,0 0 0,-1 1 0,1 0 0,-1-1 0,0 1 0,0 1 0,-1-1 0,0 1 0,0-1 0,0 1 0,0 0 0,-1 0 0,0 0 0,0 0 0,-1 0 0,1 8 0,-1-7 0,0 1 0,-1 0 0,0 0 0,-1-1 0,1 1 0,-1 0 0,-1 0 0,0-1 0,0 1 0,0-1 0,-1 0 0,0 0 0,-1 0 0,1 0 0,-9 11 0,-12 16 0,-23 28 0,40-54 0,0-1 0,-1 1 0,0-1 0,0-1 0,-12 8 0,9-8 0,-10 7 0,21-12 0,-1-1 0,0 1 0,1 0 0,-1-1 0,1 1 0,-1 0 0,1 0 0,-1-1 0,1 1 0,0 0 0,-1 0 0,1 0 0,0 0 0,-1 0 0,1-1 0,0 1 0,0 0 0,0 0 0,0 0 0,0 0 0,0 0 0,0 0 0,1 1 0,1 5 0,1 0 0,0 0 0,0-1 0,0 1 0,1-1 0,0 0 0,1 0 0,-1 0 0,8 7 0,53 45 0,-64-57 0,19 13 0,-15-11 0,0 1 0,0 0 0,0 0 0,5 5 0,-9-7 0,0-1 0,1 0 0,-1 0 0,1 0 0,-1 0 0,1 0 0,-1 0 0,1 0 0,2 0 0,-4-1 0,1 0 0,-1 0 0,0 1 0,0-1 0,1 0 0,-1 0 0,0 0 0,0 0 0,1 0 0,-1 0 0,0 0 0,0 0 0,1 0 0,-1-1 0,0 1 0,0 0 0,1 0 0,-1 0 0,0 0 0,0 0 0,1 0 0,-1 0 0,0-1 0,0 1 0,0 0 0,1 0 0,-1 0 0,0-1 0,0 0 0,1 1 0,-1-1 0,0 0 0,0 1 0,0-1 0,0 1 0,0-1 0,0 0 0,0 1 0,0-1 0,0 0 0,-1 1 0,1-1 0,0 0 0,-1 0 0,-3-9-1365,-1 1-54612767 344 24575,'1'1'0,"0"-1"0,0 0 0,0 0 0,-1 0 0,1 1 0,0-1 0,0 1 0,0-1 0,0 0 0,-1 1 0,1 0 0,0-1 0,0 1 0,-1-1 0,1 1 0,0 0 0,-1-1 0,1 1 0,0 1 0,10 17 0,-10-17 0,7 17 0,6 23 0,-9-28 0,0 1 0,0-1 0,14 24 0,-15-31 0,-1 0 0,0 0 0,4 13 0,-5-14 0,0 0 0,0-1 0,0 1 0,0-1 0,1 0 0,6 9 0,-5-11-13652898 306 245753030 530 24575,'1'-7'0,"-1"1"0,1 0 0,0 0 0,0 0 0,1-1 0,0 2 0,3-9 0,3-3 0,12-18 0,-15 27 0,1-1 0,-2 1 0,1-1 0,-1 0 0,0 0 0,-1 0 0,0-1 0,-1 1 0,3-17 0,-6-17 0,0 34 0,1 30 0,0-15 0,-1 6 0,1 1 0,1 0 0,4 22 0,-4-30 0,1-1 0,-1 0 0,1 0 0,-1-1 0,1 1 0,0 0 0,1-1 0,-1 1 0,1-1 0,-1 1 0,1-1 0,0 0 0,0 0 0,1-1 0,4 5 0,-2-4 0,0 1 0,0 1 0,-1-1 0,1 1 0,-1 0 0,0 0 0,-1 0 0,1 1 0,-1-1 0,4 8 0,-1 1 0,-1-5 0,-1 0 0,-1 0 0,0 0 0,5 17 0,-8-23 0,0 0 0,-1 0 0,0 0 0,1 0 0,-1 0 0,-1 0 0,1 0 0,0 0 0,-1 0 0,1-1 0,-1 1 0,0 0 0,0 0 0,0 0 0,0-1 0,0 1 0,-1 0 0,1-1 0,-1 1 0,0-1 0,-2 2 0,-10 11 0,-2 0 0,0-1 0,-30 19 0,42-30-151,0-1-1,1 0 0,-1 0 0,0-1 1,-1 1-1,1-1 0,0 0 1,-5 0-1,-5 1-66743374 503 24575,'1'-35'0,"0"16"0,-1 1 0,-4-35 0,3 50 0,0 1 0,1 0 0,-1-1 0,-1 1 0,1 0 0,0-1 0,-1 1 0,1 0 0,-1 0 0,1 0 0,-1 0 0,0 1 0,0-1 0,0 0 0,0 1 0,0-1 0,0 1 0,-1 0 0,1-1 0,0 1 0,-1 0 0,1 1 0,-1-1 0,1 0 0,-1 1 0,1-1 0,-1 1 0,1 0 0,-1 0 0,1 0 0,-1 0 0,-3 1 0,4-1 0,1 1 0,-1 0 0,1 0 0,0-1 0,-1 1 0,1 0 0,0 0 0,-1 0 0,1 1 0,0-1 0,0 0 0,0 0 0,0 1 0,0-1 0,0 0 0,1 1 0,-1-1 0,0 1 0,1-1 0,-1 1 0,1-1 0,-1 1 0,1 0 0,0-1 0,0 1 0,0-1 0,0 4 0,0 0 0,0 0 0,0-1 0,0 1 0,1 0 0,0-1 0,0 1 0,0 0 0,3 6 0,12 19 0,26 35 0,-22-35 0,-11-16 0,-5-7 0,1 1 0,0-1 0,0 0 0,0 0 0,1 0 0,0-1 0,1 0 0,7 6 0,-12-11 0,0 0 0,0-1 0,1 1 0,-1 0 0,0-1 0,1 1 0,-1-1 0,0 0 0,1 0 0,-1 0 0,1 0 0,-1 0 0,0 0 0,1-1 0,-1 1 0,5-3 0,3 0 0,-1-2 0,16-8 0,-9 4 0,6-3 0,-2-2 0,34-27 0,-44 32 0,56-50-1365,-55 51-5461
[word/ink/ink30.xml]

1 289 24575,'3'3'0,"1"0"0,-1 1 0,1-1 0,-1 1 0,0 0 0,0 0 0,-1 0 0,1 0 0,-1 0 0,3 6 0,4 6 0,-3-5 0,-1 1 0,0 0 0,0-1 0,-1 2 0,-1-1 0,3 20 0,-1-12 0,-1-3 0,2 0 0,12 28 0,-7-19 0,-2 8 0,-1 0 0,-7-32 0,0 0 0,0 1 0,0-1 0,0 0 0,0 0 0,0 0 0,1 0 0,-1-1 0,1 1 0,0 0 0,2 2 0,-4-4 0,1 0 0,-1 0 0,1 1 0,-1-1 0,1 0 0,-1 0 0,1 0 0,-1 0 0,0 0 0,1 0 0,-1 0 0,1 0 0,-1 0 0,1 0 0,-1 0 0,1 0 0,-1-1 0,1 1 0,-1 0 0,1 0 0,-1 0 0,0 0 0,1-1 0,-1 1 0,1 0 0,-1-1 0,0 1 0,1 0 0,-1-1 0,0 1 0,1 0 0,-1-1 0,0 1 0,0-1 0,1 1 0,-1 0 0,0-1 0,0 1 0,0-1 0,1 0 0,8-21 0,-8 19 0,16-43 0,-9 29 0,-1-1 0,-2 0 0,1 0 0,-2 0 0,0-1 0,1-33 0,-5 49 0,1-9 0,-1 0 0,0 0 0,-1 0 0,-1 0 0,0 0 0,0 0 0,-1 1 0,-5-13 0,8 24 0,0 0 0,0 0 0,0 0 0,0 0 0,0 0 0,0 0 0,0 0 0,0 0 0,0 0 0,0 0 0,0 0 0,0 0 0,0 1 0,0-1 0,0 0 0,0 0 0,0 0 0,0 0 0,0 0 0,0 0 0,0 0 0,0 0 0,0 0 0,0 0 0,0 0 0,0 0 0,0 0 0,0 0 0,0 0 0,0 0 0,0 0 0,0 0 0,0 0 0,-1 0 0,1 0 0,0 0 0,0 0 0,0 0 0,0 0 0,0 0 0,0 0 0,0 0 0,0 0 0,0 0 0,0 0 0,0 0 0,0 9 0,2 13 0,34 147 0,-29-128 0,2-1 0,18 50 0,-27-89 0,1 0 0,-1 0 0,0 0 0,0-1 0,1 1 0,-1 0 0,1 0 0,-1-1 0,1 1 0,-1 0 0,1-1 0,-1 1 0,1-1 0,0 2 0,0-2 0,-1 0 0,0 0 0,0 0 0,0-1 0,1 1 0,-1 0 0,0 0 0,0 0 0,0 0 0,1 0 0,-1 0 0,0 0 0,0 0 0,0-1 0,0 1 0,1 0 0,-1 0 0,0 0 0,0 0 0,0-1 0,0 1 0,0 0 0,0 0 0,1 0 0,-1-1 0,0 1 0,0 0 0,0 0 0,0-1 0,0 1 0,0 0 0,4-28 0,-4 25 0,29-193 0,-24 162 0,-1 0 0,0-40 0,-7-69 0,1 116 0,0 0 0,-2 1 0,-1 0 0,-13-44 0,16 66 0,0 5 0,0 10 0,1 20 0,7 20 0,3 0 0,23 77 0,-9-60 0,64 131 0,-84-193 0,21 49 0,-16-34 0,2 1 0,17 28 0,21 19 0,-48-68 0,0-1 0,0 0 0,1 1 0,-1-1 0,0 0 0,0 1 0,0-1 0,1 0 0,-1 0 0,0 1 0,1-1 0,-1 0 0,0 0 0,1 1 0,-1-1 0,0 0 0,1 0 0,-1 0 0,0 1 0,1-1 0,-1 0 0,0 0 0,1 0 0,-1 0 0,1 0 0,-1 0 0,0 0 0,1 0 0,-1 0 0,0 0 0,1 0 0,-1 0 0,1 0 0,0-1 0,1 0 0,-1 1 0,0-1 0,0 0 0,0 0 0,0 0 0,0 0 0,0 0 0,0 0 0,1-1 0,19-35 0,-18 33 0,39-93 0,-29 65 0,-12 31 6,-1 0 0,1 0 0,-1 0-1,1 0 1,-1 0 0,0-1 0,0 1-1,1 0 1,-1 0 0,0 0 0,0 0-1,0-1 1,0 1 0,0 0 0,-1 0-1,0-2 1,1 2-75,-1 0-1,1 0 0,-1 1 1,0-1-1,1 0 0,-1 1 0,0-1 1,0 1-1,0-1 0,1 1 1,-1-1-1,0 1 0,0-1 1,0 1-1,0 0 0,0-1 1,0 1-1,0 0 0,0 0 1,-2 0-1,-18-1-6756318 169 24575,'0'2'0,"2"1"0,4 0 0,4-1 0,3 0 0,2-1 0,1 0 0,6-1 0,8 0 0,2 0 0,-3 0 0,-5 0-8191
[word/ink/ink31.xml]

60 401 24575,'4'0'0,"0"0"0,0-1 0,-1 1 0,1-1 0,0 0 0,-1 0 0,1 0 0,0 0 0,-1-1 0,0 1 0,1-1 0,-1 0 0,0 0 0,6-4 0,-9 5 0,32-19 0,-16 10 0,-1 0 0,0 0 0,23-23 0,-34 29 0,0 0 0,0-1 0,-1 0 0,1 1 0,-1-1 0,-1-1 0,1 1 0,-1 0 0,0-1 0,0 1 0,0-1 0,-1 1 0,0-1 0,0 0 0,0 0 0,-1-6 0,1 4 0,-1-1 0,0 0 0,-1 0 0,0 1 0,0-1 0,-1 0 0,0 1 0,-1-1 0,0 1 0,-6-12 0,-3-7 0,9 20 0,0 0 0,0 0 0,-1 0 0,-5-8 0,7 13 0,0 0 0,1 0 0,-1 1 0,0-1 0,0 0 0,0 1 0,0 0 0,0-1 0,0 1 0,0 0 0,-1 0 0,1 0 0,0 0 0,-1 1 0,1-1 0,-1 1 0,-4-1 0,-20-1 0,0 2 0,0 0 0,-30 5 0,29 3-1365,19-2-5461416 30 24575,'0'367'0,"0"-362"0,0-1 0,1 1 0,-1 0 0,1-1 0,0 1 0,0-1 0,1 1 0,-1-1 0,1 0 0,2 5 0,-3-8 0,0 1 0,0-1 0,0 0 0,0 1 0,0-1 0,0 0 0,1 0 0,-1 0 0,0 0 0,1 0 0,-1 0 0,1 0 0,-1 0 0,1-1 0,-1 1 0,1-1 0,0 1 0,-1-1 0,1 1 0,0-1 0,-1 0 0,1 0 0,0 0 0,0 0 0,-1 0 0,1 0 0,0 0 0,-1-1 0,1 1 0,3-2 0,-2 1 0,0-1 0,0 1 0,0-1 0,0 0 0,0 0 0,0 0 0,0 0 0,-1 0 0,1-1 0,-1 1 0,1-1 0,-1 0 0,0 1 0,0-1 0,0 0 0,-1 0 0,1-1 0,-1 1 0,1 0 0,-1 0 0,0-1 0,0-3 0,2-6 0,-1 0 0,0 0 0,-1 0 0,-1-20 0,0-64 0,-2-46 0,2 140 0,0 1 0,0 0 0,-1 0 0,1 0 0,-1 0 0,1-1 0,-1 1 0,0 0 0,0 0 0,0 0 0,0 0 0,0 0 0,0 0 0,0 1 0,-1-1 0,1 0 0,-1 1 0,1-1 0,-1 1 0,-2-3 0,1 3 0,0-1 0,0 1 0,0 0 0,0 0 0,-1 0 0,1 1 0,0-1 0,0 1 0,0-1 0,-1 1 0,1 0 0,0 1 0,-6 0 0,1 0-170,-1 1-1,1 0 0,0 0 1,0 1-1,0 0 0,0 1 1,-9 5-1,9-4-6655
[word/ink/ink32.xml]

0 0 22186,'93'728'0,"-51"-850"0,-84 244 0,-30-229 0
[word/ink/ink33.xml]

0 670 24575,'87'-108'0,"21"-30"0,-89 108 0,17-36 0,3-5 0,-23 41 0,-1-1 0,15-45 0,-1 2 0,-12 29 0,-25 74 0,2 0 0,-5 47 0,-3 20 0,-11 99 0,23 1 0,3-107 0,-1-87-100,0-1 33,0 0 1,0 0-1,0 0 1,0 0-1,0-1 0,0 1 1,0 0-1,0 0 1,0 0-1,-1 0 1,1 0-1,0-1 0,-1 1 1,1 0-1,0 0 1,-1 0-1,1-1 1,-2 2-1,-4 1-675927 525 24575,'6'-3'0,"0"0"0,1 1 0,0 0 0,-1 1 0,1-1 0,13 0 0,44 2 0,-34 1 0,283-1-1365,-297 0-5461
[word/ink/ink34.xml]

1 1 24575,'1383'0'0,"-1226"7"0,-4-1 0,666-6-1365,-805 0-5461
[word/ink/ink35.xml]

0 4 24233,'7779'0'0
[word/theme/theme1.xml]


[word/settings.xml]


[word/numbering.xml]


[word/webSettings.xml]


[word/fontTable.xml]


[word/styles.xml]


